&inicialparameters

ti=0.e0
tf=20.e0
h=0.1e0
y01=0.5e0
y02=2.e0
y03= 3.14159265359e0
y04=3.6e0
y05=5.5e0
y06=6.28318530718e0
/
